Webots Project File version R2020b
perspectives: 000000ff00000000fd00000003000000000000000000000000fc0100000001fb0000001a0044006f00630075006d0065006e0074006100740069006f006e0000000000ffffffff0000008700ffffff000000010000034b0000030bfc0200000001fb0000001400540065007800740045006400690074006f007201000000000000030b0000008b00ffffff0000000300000700000000d8fc0100000001fb0000001a0043006f006e0073006f006c00650041006c006c0041006c006c0100000000000007000000008700ffffff000003b30000030b00000001000000020000000100000008fc00000000
simulationViewPerspectives: 000000ff000000010000000200000114000004ce0100000002010000000100
sceneTreePerspectives: 000000ff0000000100000002000002b6000000fa0100000002010000000200
maximizedDockId: -1
centralWidgetVisible: 1
orthographicViewHeight: 1
textFiles: 0 "controllers/main/your_controller.py"
consoles: Console:All:All
renderingDevicePerspectives: tesla:console;1;0.87;0;0
renderingDevicePerspectives: tesla:speedometer;1;1.19;0.00896861;0.773059
